[gd_scene load_steps=14 format=2]

[ext_resource path="res://entities/Spider/Spider.gd" type="Script" id=1]
[ext_resource path="res://entities/Spider/SphereCast.gd" type="Script" id=2]
[ext_resource path="res://entities/Spider/SpiderLeg.tscn" type="PackedScene" id=3]
[ext_resource path="res://entities/Spider/LegPair.tscn" type="PackedScene" id=4]
[ext_resource path="res://addons/kenney_prototype_textures/dark/texture_08.png" type="Texture" id=5]
[ext_resource path="res://entities/ThirdPersonCamera/ThirdPersonCamera.tscn" type="PackedScene" id=7]

[sub_resource type="SphereShape" id=1]
radius = 0.5

[sub_resource type="SphereMesh" id=2]
radius = 0.1
height = 0.2

[sub_resource type="Animation" id=3]
length = 0.001
tracks/0/type = "value"
tracks/0/path = NodePath("Body:translation")
tracks/0/interp = 1
tracks/0/loop_wrap = true
tracks/0/imported = false
tracks/0/enabled = true
tracks/0/keys = {
"times": PoolRealArray( 0 ),
"transitions": PoolRealArray( 1 ),
"update": 0,
"values": [ Vector3( 0, 0, 0 ) ]
}

[sub_resource type="Animation" id=4]
resource_name = "breath"
length = 2.0
loop = true
tracks/0/type = "value"
tracks/0/path = NodePath("Body:translation")
tracks/0/interp = 2
tracks/0/loop_wrap = true
tracks/0/imported = false
tracks/0/enabled = true
tracks/0/keys = {
"times": PoolRealArray( 0, 1 ),
"transitions": PoolRealArray( 1, 1 ),
"update": 0,
"values": [ Vector3( 0, 0, 0 ), Vector3( 0, -0.1, 0 ) ]
}

[sub_resource type="SpatialMaterial" id=6]
albedo_texture = ExtResource( 5 )
uv1_scale = Vector3( 0.25, 0, 0.25 )
uv1_triplanar = true

[sub_resource type="BoxShape" id=7]
extents = Vector3( 25, 0.025, 25 )

[sub_resource type="Environment" id=8]
background_mode = 1

[node name="dark" type="Spatial"]

[node name="Spider" type="KinematicBody" parent="."]
transform = Transform( 1, 0, 0, 0, 1, 0, 0, 0, 1, 0, 1.09268, 0 )
script = ExtResource( 1 )
speed = 2.0
jump_strength = 10.0
rotation_speed = 3.0

[node name="SphereCast" type="Spatial" parent="Spider"]
visible = false
script = ExtResource( 2 )

[node name="RayCast1" type="RayCast" parent="Spider/SphereCast"]
transform = Transform( -3.09086e-08, -0.707107, 0.707107, 1, -4.37114e-08, 0, 3.09086e-08, 0.707107, 0.707107, 0, 0, 0 )
enabled = true
cast_to = Vector3( 0, -0.8, 0 )

[node name="RayCast7" type="RayCast" parent="Spider/SphereCast"]
transform = Transform( -3.09086e-08, -1, 0, 1, -3.09086e-08, -3.09086e-08, 3.09086e-08, 0, 1, 0, 0, 0 )
enabled = true
cast_to = Vector3( 0, -0.8, 0 )

[node name="RayCast8" type="RayCast" parent="Spider/SphereCast"]
transform = Transform( -3.09086e-08, 1, 0, 1, 3.09086e-08, 3.09086e-08, 3.09086e-08, 0, -1, 0, 0, 0 )
enabled = true
cast_to = Vector3( 0, -0.8, 0 )

[node name="RayCast2" type="RayCast" parent="Spider/SphereCast"]
transform = Transform( 9.27259e-08, 0.707107, 0.707107, -1, 1.31134e-07, 0, -9.27259e-08, -0.707107, 0.707107, 0, 0, 0 )
enabled = true
cast_to = Vector3( 0, -0.8, 0 )

[node name="RayCast3" type="RayCast" parent="Spider/SphereCast"]
transform = Transform( -3.09086e-08, 0.707107, 0.707107, 1, 1.91069e-15, 4.37114e-08, 3.09086e-08, 0.707107, -0.707107, 0, 0, 0 )
enabled = true
cast_to = Vector3( 0, -0.8, 0 )

[node name="RayCast4" type="RayCast" parent="Spider/SphereCast"]
transform = Transform( 9.27259e-08, -0.707107, 0.707107, -1, -8.74228e-08, 4.37114e-08, 3.09086e-08, -0.707107, -0.707107, 0, 0, 0 )
enabled = true
cast_to = Vector3( 0, -0.8, 0 )

[node name="RayCast5" type="RayCast" parent="Spider/SphereCast"]
transform = Transform( 1, 0, -1.77636e-15, -3.55271e-15, -4.37114e-08, -1, 0, 1, -4.37114e-08, 0, 0, 0 )
enabled = true
cast_to = Vector3( 0, -0.8, 0 )

[node name="RayCast6" type="RayCast" parent="Spider/SphereCast"]
transform = Transform( -1, -8.9407e-08, -1.77636e-15, 0, 4.37114e-08, -1, 8.9407e-08, -1, -4.37114e-08, 0, 0, 0 )
enabled = true
cast_to = Vector3( 0, -0.8, 0 )

[node name="RayCast9" type="RayCast" parent="Spider/SphereCast"]
transform = Transform( 1, 5.32907e-15, 0, -3.55271e-15, 1, 0, 0, -1.77636e-15, 1, 0, 0, 0 )
enabled = true
cast_to = Vector3( 0, -0.8, 0 )

[node name="RayCast10" type="RayCast" parent="Spider/SphereCast"]
transform = Transform( 1, 0, -2.98023e-08, -3.55271e-15, 0.707107, 0.707107, 0, -0.707107, 0.707107, 0, 0, 0 )
enabled = true
cast_to = Vector3( 0, -0.8, 0 )

[node name="RayCast11" type="RayCast" parent="Spider/SphereCast"]
transform = Transform( 1, 0, 2.98023e-08, -3.55271e-15, -0.707107, -0.707107, 0, 0.707107, -0.707107, 0, 0, 0 )
enabled = true
cast_to = Vector3( 0, -0.8, 0 )

[node name="RayCast12" type="RayCast" parent="Spider/SphereCast"]
transform = Transform( -1, 8.74228e-08, 0, -8.74228e-08, -1, 0, 0, 3.55271e-15, 1, 0, 0, 0 )
enabled = true
cast_to = Vector3( 0, -0.8, 0 )

[node name="RayCast13" type="RayCast" parent="Spider/SphereCast"]
transform = Transform( -2.98023e-08, 0, -1, -0.707107, 0.707107, 1.28028e-08, 0.707107, 0.707107, 0, 0, 0, 0 )
enabled = true
cast_to = Vector3( 0, -0.8, 0 )

[node name="RayCast14" type="RayCast" parent="Spider/SphereCast"]
transform = Transform( 0, 2.98023e-08, -1, 0.707107, -0.707107, 1.28028e-08, -0.707107, -0.707107, 0, 0, 0, 0 )
enabled = true
cast_to = Vector3( 0, -0.8, 0 )

[node name="RayCast15" type="RayCast" parent="Spider/SphereCast"]
transform = Transform( 0.707107, -0.5, 0.5, -3.55271e-15, 0.707107, 0.707107, -0.707107, -0.5, 0.5, 0, 0, 0 )
enabled = true
cast_to = Vector3( 0, -0.8, 0 )

[node name="RayCast16" type="RayCast" parent="Spider/SphereCast"]
transform = Transform( 0.707107, 0.5, -0.5, -3.55271e-15, -0.707107, -0.707107, -0.707107, 0.5, -0.5, 0, 0, 0 )
enabled = true
cast_to = Vector3( 0, -0.8, 0 )

[node name="RayCast17" type="RayCast" parent="Spider/SphereCast"]
transform = Transform( 0.5, 0.5, -0.707107, -0.707107, 0.707107, 1.28028e-08, 0.5, 0.5, 0.707107, 0, 0, 0 )
enabled = true
cast_to = Vector3( 0, -0.8, 0 )

[node name="RayCast18" type="RayCast" parent="Spider/SphereCast"]
transform = Transform( -0.5, -0.5, -0.707107, 0.707107, -0.707107, 1.28028e-08, -0.5, -0.5, 0.707107, 0, 0, 0 )
enabled = true
cast_to = Vector3( 0, -0.8, 0 )

[node name="RayCast19" type="RayCast" parent="Spider/SphereCast"]
transform = Transform( 0.707107, 0.5, -0.5, 0, 0.707107, 0.707107, 0.707107, -0.5, 0.5, 0, 0, 0 )
enabled = true
cast_to = Vector3( 0, -0.8, 0 )

[node name="RayCast20" type="RayCast" parent="Spider/SphereCast"]
transform = Transform( 0.707107, -0.5, 0.5, 0, -0.707107, -0.707107, 0.707107, 0.5, -0.5, 0, 0, 0 )
enabled = true
cast_to = Vector3( 0, -0.8, 0 )

[node name="RayCast21" type="RayCast" parent="Spider/SphereCast"]
transform = Transform( -0.5, -0.5, -0.707107, -0.707107, 0.707107, 1.28028e-08, 0.5, 0.5, -0.707107, 0, 0, 0 )
enabled = true
cast_to = Vector3( 0, -0.8, 0 )

[node name="RayCast22" type="RayCast" parent="Spider/SphereCast"]
transform = Transform( 0.5, 0.5, -0.707107, 0.707107, -0.707107, 1.28028e-08, -0.5, -0.5, -0.707107, 0, 0, 0 )
enabled = true
cast_to = Vector3( 0, -0.8, 0 )

[node name="CollisionShape" type="CollisionShape" parent="Spider"]
transform = Transform( 1, 0, 0, 0, -4.37114e-08, -1, 0, 1, -4.37114e-08, 0, 0, 0 )
shape = SubResource( 1 )

[node name="Body" type="Spatial" parent="Spider"]

[node name="Legs" type="Spatial" parent="Spider/Body"]
unique_name_in_owner = true
transform = Transform( 1, 0, 0, 0, 1, 0, 0, 0, 1, 6.08681, -0.744153, 2.47599 )

[node name="LegPair1" parent="Spider/Body/Legs" instance=ExtResource( 4 )]
transform = Transform( 1, 0, 0, 0, 1, 0, 0, 0, 1, -6.08681, 0.744153, -2.93139 )
start_index = 1

[node name="SpiderLeg1" parent="Spider/Body/Legs/LegPair1" instance=ExtResource( 3 )]
transform = Transform( 0.707107, 0, -0.707107, 0, 1, 0, 0.707107, 0, 0.707107, 0, 0, 0 )
debug = false
move_duration = 0.2
step_height = 1.0

[node name="SpiderLeg2" parent="Spider/Body/Legs/LegPair1" instance=ExtResource( 3 )]
transform = Transform( 0.707107, 0, 0.707107, 0, 1, 0, -0.707107, 0, 0.707107, 0, 0, 0 )
debug = false
move_duration = 0.2
step_height = 1.0

[node name="LegPair2" parent="Spider/Body/Legs" instance=ExtResource( 4 )]
transform = Transform( 1, 0, 0, 0, 1, 0, 0, 0, 1, -6.08681, 0.744153, -2.65599 )

[node name="SpiderLeg1" parent="Spider/Body/Legs/LegPair2" instance=ExtResource( 3 )]
transform = Transform( -4.37114e-08, 0, -1, 0, 1, 0, 1, 0, -4.37114e-08, 0, 0, 0 )
debug = false
move_duration = 0.2
step_height = 1.0

[node name="SpiderLeg2" parent="Spider/Body/Legs/LegPair2" instance=ExtResource( 3 )]
transform = Transform( -4.37114e-08, 0, 1, 0, 1, 0, -1, 0, -4.37114e-08, 0, 0, 0 )
debug = false
move_duration = 0.2
step_height = 1.0

[node name="LegPair3" parent="Spider/Body/Legs" instance=ExtResource( 4 )]
transform = Transform( 1, 0, 0, 0, 1, 0, 0, 0, 1, -6.08681, 0.744153, -2.41896 )
start_index = 1

[node name="SpiderLeg1" parent="Spider/Body/Legs/LegPair3" instance=ExtResource( 3 )]
transform = Transform( -4.37114e-08, 0, -1, 0, 1, 0, 1, 0, -4.37114e-08, 0, 0, 0 )
debug = false
move_duration = 0.2
step_height = 1.0

[node name="SpiderLeg2" parent="Spider/Body/Legs/LegPair3" instance=ExtResource( 3 )]
transform = Transform( -4.37114e-08, 0, 1, 0, 1, 0, -1, 0, -4.37114e-08, 0, 0, 0 )
debug = false
move_duration = 0.2
step_height = 1.0

[node name="LegPair4" parent="Spider/Body/Legs" instance=ExtResource( 4 )]
transform = Transform( 1, 0, 0, 0, 1, 0, 0, 0, 1, -6.08681, 0.744153, -2.05271 )

[node name="SpiderLeg1" parent="Spider/Body/Legs/LegPair4" instance=ExtResource( 3 )]
transform = Transform( -0.819152, 0, -0.573576, 0, 1, 0, 0.573576, 0, -0.819152, 0.229204, 0, -0.160491 )
debug = false
move_duration = 0.2
step_height = 1.0

[node name="SpiderLeg2" parent="Spider/Body/Legs/LegPair4" instance=ExtResource( 3 )]
transform = Transform( -0.819152, 0, 0.573576, 0, 1, 0, -0.573576, 0, -0.819152, -0.18227, 0, -0.127627 )
debug = false
move_duration = 0.2
step_height = 1.0

[node name="MeshInstance" type="MeshInstance" parent="Spider/Body"]
transform = Transform( 3.18662, 0, 0, 0, 3.18662, 0, 0, 0, 3.18662, 0, 0, 0.23534 )
mesh = SubResource( 2 )
skeleton = NodePath("../..")

[node name="MeshInstance2" type="MeshInstance" parent="Spider/Body"]
transform = Transform( 2.16007, 0, 0, 0, 2.16007, 0, 0, 0, 2.16007, 0, 0, -0.292024 )
mesh = SubResource( 2 )
skeleton = NodePath("../..")

[node name="AnimationPlayer" type="AnimationPlayer" parent="Spider"]
autoplay = "breath"
anims/RESET = SubResource( 3 )
anims/breath = SubResource( 4 )

[node name="Ground" type="RigidBody" parent="." groups=["wood_2"]]
mode = 1

[node name="Mesh" type="CSGBox" parent="Ground"]
width = 50.0
height = 0.05
depth = 50.0
material = SubResource( 6 )

[node name="CollisionShape" type="CollisionShape" parent="Ground"]
transform = Transform( 1, 0, 0, 0, 1, 0, 0, 0, 1, -0.000617325, 0.000597477, -0.000333667 )
shape = SubResource( 7 )

[node name="ThirdPersonCamera" parent="." instance=ExtResource( 7 )]
target = NodePath("../Spider")
distance_from_target = 3.0

[node name="SpotLight" type="SpotLight" parent="."]
transform = Transform( 1, 0, 0, 0, 0.780376, 0.625311, 0, -0.625311, 0.780376, 0, 2.69584, 3.61975 )
light_energy = 2.0
shadow_enabled = true
spot_range = 16.7046

[node name="WorldEnvironment" type="WorldEnvironment" parent="."]
environment = SubResource( 8 )
